_viz_net_graph = nengo_gui.components.NetGraph()
_viz_progress = nengo_gui.components.Progress()
_viz_config[_viz_progress].x = 0
_viz_config[_viz_progress].y = 0
_viz_config[_viz_progress].width = 100
_viz_config[_viz_progress].height = 100
_viz_config[_viz_progress].label_visible = True
_viz_sim_control = nengo_gui.components.SimControl()
_viz_config[_viz_sim_control].shown_time = 0.5
_viz_config[_viz_sim_control].kept_time = 4.0
_viz_config[a].pos=(0.2741935483870968, 0.2898550724637681)
_viz_config[a].size=(0.053763440860215055, 0.14492753623188406)
_viz_config[b].pos=(0.489247311827957, 0.2898550724637681)
_viz_config[b].size=(0.053763440860215055, 0.14492753623188406)
_viz_config[c].pos=(0.7043010752688172, 0.2898550724637681)
_viz_config[c].size=(0.053763440860215055, 0.14492753623188406)
_viz_config[d].pos=(0.9193548387096775, 0.7101449275362319)
_viz_config[d].size=(0.053763440860215055, 0.14492753623188406)
_viz_config[model].pos=(-0.0078125, -0.1157975151783202)
_viz_config[model].size=(1.0, 1.0)
_viz_config[model].expanded=True
_viz_config[model].has_layout=True
_viz_config[stim].pos=(0.06989247311827958, 0.7101449275362319)
_viz_config[stim].size=(0.043010752688172046, 0.11594202898550725)