_viz_0 = nengo_gui.components.Value(a)
_viz_config[_viz_0].max_value = 1
_viz_config[_viz_0].min_value = -1
_viz_config[_viz_0].show_legend = False
_viz_config[_viz_0].legend_labels = ['label_0']
_viz_config[_viz_0].synapse = 0.01
_viz_config[_viz_0].x = 0.4105080695573922
_viz_config[_viz_0].y = 0.18251141321180456
_viz_config[_viz_0].width = 0.18250374051724771
_viz_config[_viz_0].height = 0.20047759375000693
_viz_config[_viz_0].label_visible = True
_viz_net_graph = nengo_gui.components.NetGraph()
_viz_progress = nengo_gui.components.Progress()
_viz_config[_viz_progress].x = 0
_viz_config[_viz_progress].y = 0
_viz_config[_viz_progress].width = 100
_viz_config[_viz_progress].height = 100
_viz_config[_viz_progress].label_visible = True
_viz_sim_control = nengo_gui.components.SimControl()
_viz_config[_viz_sim_control].shown_time = 0.5
_viz_config[_viz_sim_control].kept_time = 4.0
_viz_config[a].pos=(0.4879813831724721, 0.5)
_viz_config[a].size=(0.0684931506849315, 0.25)
_viz_config[b].pos=(0.8117316373355448, 0.5)
_viz_config[b].size=(0.0684931506849315, 0.25)
_viz_config[c].pos=(1.2705926596476989, 0.49609339814439163)
_viz_config[c].size=(0.08792285755085252, 0.09660388228289472)
_viz_config[model].pos=(0.591376859960171, 0.653111367950773)
_viz_config[model].size=(0.38793201919786596, 0.38793201919786596)
_viz_config[model].expanded=True
_viz_config[model].has_layout=True
_viz_config[stim].pos=(0.08904109589041095, 0.5)
_viz_config[stim].size=(0.0547945205479452, 0.2)